Igor, 19anos, 1.75m
Notas:
18.0 20.0 15.0 10.0 14.0 
15.0 20.0 10.0 10.0 14.0 
20.0 20.0 12.0 10.0 14.0 
Gabriel, 18anos, 1.7m
Notas:
18.0 20.0 15.0 10.0 14.0 
15.0 20.0 10.0 10.0 14.0 
20.0 20.0 12.0 10.0 14.0 
Gisele, 20anos, 1.65m
Notas:
18.0 20.0 15.0 10.0 14.0 
15.0 20.0 10.0 10.0 14.0 
20.0 20.0 12.0 10.0 14.0 
Igor, 19anos, 1.75m
Notas:
18.0 20.0 15.0 10.0 14.0 
15.0 20.0 10.0 10.0 14.0 
20.0 20.0 12.0 10.0 14.0 
Gabriel, 18anos, 1.7m
Notas:
18.0 20.0 15.0 10.0 14.0 
15.0 20.0 10.0 10.0 14.0 
20.0 20.0 12.0 10.0 14.0 
Gisele, 20anos, 1.65m
Notas:
18.0 20.0 15.0 10.0 14.0 
15.0 20.0 10.0 10.0 14.0 
20.0 20.0 12.0 10.0 14.0 
Igor, 19anos, 1.75m
Notas:
18.0 20.0 15.0 10.0 14.0 
15.0 20.0 10.0 10.0 14.0 
20.0 20.0 12.0 10.0 14.0 
Gabriel, 18anos, 1.7m
Notas:
18.0 20.0 15.0 10.0 14.0 
15.0 20.0 10.0 10.0 14.0 
20.0 20.0 12.0 10.0 14.0 
Gisele, 20anos, 1.65m
Notas:
18.0 20.0 15.0 10.0 14.0 
15.0 20.0 10.0 10.0 14.0 
20.0 20.0 12.0 10.0 14.0 
Igor, 19anos, 1.75m
Notas:
18.0 20.0 15.0 10.0 14.0 12.6
15.0 20.0 10.0 10.0 14.0 11.0
20.0 20.0 12.0 10.0 14.0 12.4
Gabriel, 18anos, 1.7m
Notas:
18.0 20.0 15.0 10.0 14.0 12.6
15.0 20.0 10.0 10.0 14.0 11.0
20.0 20.0 12.0 10.0 14.0 12.4
Gisele, 20anos, 1.65m
Notas:
18.0 20.0 15.0 10.0 14.0 12.6
15.0 20.0 10.0 10.0 14.0 11.0
20.0 20.0 12.0 10.0 14.0 12.4
Igor, 19anos, 1.75m
Notas:
18.0 15.0 20.0 17.666666666666668
20.0 20.0 20.0 20.0
15.0 10.0 12.0 12.333333333333334
10.0 10.0 10.0 10.0
14.0 14.0 14.0 14.0
Gabriel, 18anos, 1.7m
Notas:
18.0 15.0 20.0 17.666666666666668
20.0 20.0 20.0 20.0
15.0 10.0 12.0 12.333333333333334
10.0 10.0 10.0 10.0
14.0 14.0 14.0 14.0
Gisele, 20anos, 1.65m
Notas:
18.0 15.0 20.0 17.666666666666668
20.0 20.0 20.0 20.0
15.0 10.0 12.0 12.333333333333334
10.0 10.0 10.0 10.0
14.0 14.0 14.0 14.0
Igor, 19anos, 1.75m
Notas:
18.0 15.0 20.0 Media:17.666666666666668
20.0 20.0 20.0 Media:20.0
15.0 10.0 12.0 Media:12.333333333333334
10.0 10.0 10.0 Media:10.0
14.0 14.0 14.0 Media:14.0
Gabriel, 18anos, 1.7m
Notas:
18.0 15.0 20.0 Media:17.666666666666668
20.0 20.0 20.0 Media:20.0
15.0 10.0 12.0 Media:12.333333333333334
10.0 10.0 10.0 Media:10.0
14.0 14.0 14.0 Media:14.0
Gisele, 20anos, 1.65m
Notas:
18.0 15.0 20.0 Media:17.666666666666668
20.0 20.0 20.0 Media:20.0
15.0 10.0 12.0 Media:12.333333333333334
10.0 10.0 10.0 Media:10.0
14.0 14.0 14.0 Media:14.0
